Model: Random Forest
MAE: 0.10154464135821725
R2: 0.9984136644503003
